--------------------Forecast evaluation-------------------- mdn1

Step t+1
stds: [0.20444319 0.35480434 0.3628133  0.2586451  0.8881802  0.22539909
 0.5183568  0.18096204 0.16045444 0.17290834 0.10468859 0.2567684
 0.19782513 0.38261515 0.39175397 0.21893573 0.92755204 0.22277696
 0.49937043 0.18059613 0.14481442 0.16973358 0.10101106 0.26086944
 0.18819432 0.34976116 0.3268643  0.25349024 0.8922053  0.22476251
 0.5006384  0.18757841 0.15854973 0.17293034 0.10152715 0.26666793
 0.2025861  0.38548705]
thres: [1 1 1 1 0 1 1 1 1 1 1 1 1 1 1 1 0 1 1 1 1 1 1 1 1 1 1 1 0 1 1 1 1 1 1 1 1
 1]
t+1 RMSE: 17.653229
t+1 MAE: 12.286451
t+1 MAPE: 1.455003
t+1 sMAPE: 0.014618
t+1 MAEk: 9.141122

--------------------Forecast evaluation-------------------- mdn2

Step t+1
stds: [0.16612978 0.2101255  0.1514337  0.6903504  1.3068187  0.10725804
 2.0716476  0.14508536 0.27244645 0.1065441  0.07222398 0.07144229
 0.20239292 0.1831722  0.1428335  0.7352509  1.7359807  0.09482387
 1.986083   0.13460982 0.2728566  0.11167084 0.08117146 0.07137637
 0.18466589 0.17774002 0.13226198 0.6145158  1.4371755  0.10353258
 2.0832016  0.12539102 0.26807785 0.10923097 0.08103094 0.08226921
 0.22183192 0.20134541]
thres: [1 1 1 1 0 1 0 1 1 1 1 1 1 1 1 1 0 1 0 1 1 1 1 1 1 1 1 1 0 1 0 1 1 1 1 1 1
 1]
t+1 RMSE: 31.958636
t+1 MAE: 19.709721
t+1 MAPE: 2.333495
t+1 sMAPE: 0.023735
t+1 MAEk: 10.274597

--------------------Forecast evaluation-------------------- mdn3

Step t+1
stds: [0.5102746  0.47287375 0.57671183 0.3253555  0.90454155 0.20374611
 0.25698906 0.13175677 0.21210128 0.6317952  0.25535256 0.2956098
 0.54256165 0.4661018  0.5699691  0.3103435  0.9476806  0.19290476
 0.25469607 0.1241301  0.19446617 0.5939408  0.2564326  0.2725386
 0.5584727  0.4923449  0.59800005 0.3209069  0.9685296  0.21090014
 0.2650022  0.13073501 0.21021563 0.6127812  0.25268093 0.2754513
 0.5147023  0.45328677]
thres: [1 1 1 1 0 1 1 1 1 1 1 1 1 1 1 1 0 1 1 1 1 1 1 1 1 1 1 1 0 1 1 1 1 1 1 1 1
 1]
t+1 RMSE: 19.054208
t+1 MAE: 12.057157
t+1 MAPE: 1.418955
t+1 sMAPE: 0.014249
t+1 MAEk: 8.374370


--------------------Forecast evaluation-------------------- mdn4

Step t+1
stds: [0.1140973  0.17981598 0.29817367 0.38085258 0.80520403 0.4225275
 0.59358215 0.25667158 0.23627397 0.43826425 0.09644749 0.11020867
 0.11155418 0.17322205 0.30109125 0.40284696 0.82823974 0.38462564
 0.5433212  0.2302419  0.20981939 0.46911702 0.09775008 0.11128306
 0.10884316 0.16978057 0.2825977  0.37065953 0.7715716  0.43987638
 0.59878045 0.24673308 0.22891371 0.44722053 0.09950081 0.11799882
 0.12043606 0.16964482]
thres: [1 1 1 1 0 1 1 1 1 1 1 1 1 1 1 1 0 1 1 1 1 1 1 1 1 1 1 1 0 1 1 1 1 1 1 1 1
 1]
t+1 RMSE: 18.119342
t+1 MAE: 12.094769
t+1 MAPE: 1.420415
t+1 sMAPE: 0.014290
t+1 MAEk: 8.629786

--------------------Forecast evaluation-------------------- mdn5

Step t+1
stds: [0.488771   0.7204272  0.2899221  0.3562531  0.95175916 0.05931392
 0.88453007 0.1449751  0.2993863  0.566341   0.08945926 0.6154582
 0.45118806 0.6610798  0.2954379  0.3300644  1.0000063  0.05127406
 0.8224833  0.14513078 0.30829668 0.62500685 0.093271   0.5799102
 0.44759595 0.63096356 0.29262072 0.41216347 1.0098482  0.05618976
 0.8202965  0.14185438 0.29311395 0.60903716 0.09022498 0.5958862
 0.4805421  0.63511705]
thres: [1 1 1 1 0 1 0 1 1 1 1 1 1 1 1 1 0 1 0 1 1 1 1 1 1 1 1 1 0 1 0 1 1 1 1 1 1
 1]
t+1 RMSE: 28.457570
t+1 MAE: 21.964211
t+1 MAPE: 2.592470
t+1 sMAPE: 0.026145
t+1 MAEk: 18.173798

--------------------Forecast evaluation-------------------- mdn6

Step t+1
stds: [0.1899691  0.13446823 0.25611907 0.34273678 1.0596356  0.27514264
 0.52067775 0.53728575 0.1242315  0.565663   0.07820277 0.13420464
 0.21578483 0.14079717 0.25766832 0.37390906 1.1164323  0.26002917
 0.5304943  0.50497293 0.1230546  0.5634068  0.08801523 0.13753513
 0.20420153 0.13044989 0.23244698 0.34861472 1.0360743  0.28447247
 0.55413795 0.5225102  0.11743733 0.5730992  0.08275282 0.14343534
 0.2330389  0.14467259]
thres: [1 1 1 1 0 1 1 1 1 1 1 1 1 1 1 1 0 1 1 1 1 1 1 1 1 1 1 1 0 1 1 1 1 1 1 1 1
 1]
t+1 RMSE: 24.867673
t+1 MAE: 13.057964
t+1 MAPE: 1.513544
t+1 sMAPE: 0.015415
t+1 MAEk: 7.121205

